{
 "cells": [
  {
   "cell_type": "markdown",
   "metadata": {},
   "source": [
    "<p style=\"font-family: Arial; font-size:3em;color:black;\"> Lab Exercise 3 </p>"
   ]
  },
  {
   "cell_type": "code",
   "execution_count": 2,
   "metadata": {},
   "outputs": [],
   "source": [
    "import numpy as np\n",
    "from numpy.linalg import inv\n",
    "from numpy.linalg import det"
   ]
  },
  {
   "cell_type": "code",
   "execution_count": null,
   "metadata": {},
   "outputs": [
    {
     "name": "stdout",
     "output_type": "stream",
     "text": [
      "[[5 2 3]\n",
      " [6 1 3]\n",
      " [2 4 1]]\n"
     ]
    }
   ],
   "source": [
    "arrB =np.array([[5,2,3],[6,1,3],[2,4,1]])\n",
    "print(arrA)"
   ]
  },
  {
   "cell_type": "code",
   "execution_count": 5,
   "metadata": {},
   "outputs": [
    {
     "name": "stdout",
     "output_type": "stream",
     "text": [
      "[[5 2]\n",
      " [6 1]]\n"
     ]
    }
   ],
   "source": [
    "arrB = arrA[:2,:2]\n",
    "print(arrB)"
   ]
  },
  {
   "cell_type": "code",
   "execution_count": 9,
   "metadata": {},
   "outputs": [
    {
     "name": "stdout",
     "output_type": "stream",
     "text": [
      "[[1 3]\n",
      " [4 1]]\n"
     ]
    }
   ],
   "source": [
    "arrC = arrA[1:,1:]\n",
    "print(arrC)"
   ]
  },
  {
   "cell_type": "code",
   "execution_count": 11,
   "metadata": {},
   "outputs": [
    {
     "name": "stdout",
     "output_type": "stream",
     "text": [
      "[[ 18 -17  33]\n",
      " [ 17 -30  38]\n",
      " [ 24  12   9]]\n",
      "[[-14  17  -5]\n",
      " [ 59  12  32]\n",
      " [  2  14  -1]]\n",
      "AD is not equal to DA\n"
     ]
    }
   ],
   "source": [
    "arrD = np.array([[4,-7,4],[5,6,-1],[-4,2,5]])\n",
    "arrAD = np.matmul(arrA,arrD)\n",
    "print(arrAD)\n",
    "arrDA = np.matmul(arrD,arrA)\n",
    "print(arrDA)\n",
    "print(\"AD is not equal to DA\")"
   ]
  },
  {
   "cell_type": "code",
   "execution_count": 16,
   "metadata": {},
   "outputs": [
    {
     "name": "stdout",
     "output_type": "stream",
     "text": [
      "Determinant of B calculated manually: -7\n",
      "Determinant of B using numpy: -6.999999999999999\n",
      "Inverse of B calculated manually:\n",
      " [[-0.14285714  0.28571429]\n",
      " [ 0.85714286 -0.71428571]]\n",
      "Inverse of B using numpy:\n",
      " [[-0.14285714  0.28571429]\n",
      " [ 0.85714286 -0.71428571]]\n",
      "Verification (B * B_inv):\n",
      " [[1. 0.]\n",
      " [0. 1.]]\n"
     ]
    }
   ],
   "source": [
    "detB = (5*1) - (2*6)\n",
    "print(\"Determinant of B calculated manually:\", detB)\n",
    "print(\"Determinant of B using numpy:\", det(arrB))\n",
    "\n",
    "invB = (1/detB) * np.array([[1,-2],[-6,5]])\n",
    "print(\"Inverse of B calculated manually:\\n\", invB)\n",
    "print(\"Inverse of B using numpy:\\n\", inv(arrB))\n",
    "print(\"Verification (B * B_inv):\\n\", np.matmul(arrB, invB))"
   ]
  },
  {
   "cell_type": "code",
   "execution_count": 21,
   "metadata": {},
   "outputs": [
    {
     "name": "stdout",
     "output_type": "stream",
     "text": [
      "Inverse of D using numpy:\n",
      " [[ 0.07785888  0.10462287 -0.04136253]\n",
      " [-0.05109489  0.08759124  0.05839416]\n",
      " [ 0.08272506  0.0486618   0.14355231]]\n",
      "Verification (D * D_inv):\n",
      " [[ 1.00000000e+00  1.11022302e-16  0.00000000e+00]\n",
      " [ 6.93889390e-17  1.00000000e+00 -5.55111512e-17]\n",
      " [-1.38777878e-17 -8.32667268e-17  1.00000000e+00]]\n",
      "Verification (D_inv * D):\n",
      " [[ 1.00000000e+00  6.93889390e-17  6.93889390e-18]\n",
      " [ 2.77555756e-17  1.00000000e+00 -2.08166817e-17]\n",
      " [ 0.00000000e+00  0.00000000e+00  1.00000000e+00]]\n"
     ]
    }
   ],
   "source": [
    "#making arrD all integers to remove uncclear floats\n",
    "intarrD = arrD.astype(int)\n",
    "invD = inv(intarrD)\n",
    "print(\"Inverse of D using numpy:\\n\", invD)\n",
    "print(\"Verification (D * D_inv):\\n\", np.matmul(arrD, invD))\n",
    "print(\"Verification (D_inv * D):\\n\", np.matmul(invD, arrD))\n"
   ]
  }
 ],
 "metadata": {
  "kernelspec": {
   "display_name": "Python 3 (ipykernel)",
   "language": "python",
   "name": "python3"
  },
  "language_info": {
   "codemirror_mode": {
    "name": "ipython",
    "version": 3
   },
   "file_extension": ".py",
   "mimetype": "text/x-python",
   "name": "python",
   "nbconvert_exporter": "python",
   "pygments_lexer": "ipython3",
   "version": "3.12.12"
  }
 },
 "nbformat": 4,
 "nbformat_minor": 1
}
